1	-0.0155181	0.0358313	-0.00904438
1	-0.0405464	0.03797	0.00755179
1	-0.0132543	0.0306076	-0.0090114
1	-0.0246142	0.0920462	-0.22294
1	0.0836813	-0.0398345	-0.011058
1	-0.0138463	0.0469321	0.00121208
1	-0.0544626	-0.0930842	-0.00311946
1	-0.029017	0.0163904	0.0114376
1	0.0137139	0.014543	-0.00439852
1	-0.0240115	0.0308804	0.0150703
1	-0.028625	0.0333565	0.00374344
1	-0.044544	0.0793589	0.0276747
1	-0.101244	-0.0984104	0.00255916
1	-0.0906316	-0.0885938	0.00299518
1	-0.0992752	-0.103709	0.0110755
1	-0.0696116	-0.0486223	0.000212201
1	-0.018178	0.0318055	0.0088077
1	-0.0291593	0.0182566	0.0230999
1	-0.0258304	0.0258883	-0.00776336
1	-0.106103	-0.147933	-0.0136937
1	-0.118947	-0.170259	-0.0148674
1	-0.0345411	0.0755842	0.121569
1	-0.00669974	0.0142908	0.0189288
1	-0.0272658	0.00963381	0.024536
1	-0.067395	-0.052939	0.0113153
1	-0.115171	-0.133932	0.0054254
1	-0.0743012	-0.0490773	-0.0138445
1	-0.0527813	-0.0111363	0.0246994
1	-0.0355783	0.027763	0.020029
1	-0.0102295	0.0277279	0.00481355
1	-0.0626953	-0.101277	-0.000682784
1	-0.0871201	-0.112365	0.00103285
1	-0.126404	-0.18272	-0.0147665
1	-0.125232	-0.181356	-0.0144755
1	-0.0273733	0.0132228	0.0375664
1	-0.0589014	-0.035626	-0.0113688
1	-0.0079578	0.0484972	0.0224894
1	-0.0462118	0.00775124	0.0167872
1	-0.0846076	-0.0923948	-0.00484559
1	-0.0266966	0.0221193	0.0194228
1	-0.0477992	0.0258748	0.0224478
1	-0.0867033	-0.0866391	0.00197419
1	-0.0497506	-0.0418349	-0.0107598
1	-0.107444	-0.148404	-0.0140246
1	-0.0354214	0.002303	-0.000778416
1	-0.0253774	0.0285928	-0.00907644
1	-0.0300251	0.101302	0.161567
1	-0.01935	0.0795449	0.110317
1	-0.0230185	0.0243866	0.0153742
1	-0.0249831	0.0173918	0.0117315
1	-0.0223649	0.0308669	-0.00224952
1	-0.0259454	0.0274895	-0.00292787
1	-0.0384873	-0.0146902	-0.00166572
1	-0.00406306	0.00730327	0.0180291
1	-0.00954646	0.0211226	-0.00198621
1	0.0104342	0.0271768	-0.0208465
1	0.00947771	0.0281536	0.00396669
1	-0.00161469	0.0180987	0.0142015
1	-0.0423545	0.00151693	0.0458841
1	-0.0406361	0.00896755	0.0504704
1	-0.0223051	0.050768	-0.0263909
1	-0.0193552	0.0475865	-0.025242
1	-0.0847603	-0.076401	0.00715736
1	-0.0821055	-0.0776645	0.00633934
1	0.0908471	-0.0329667	-0.0162993
1	0.0976277	-0.0369507	-0.0248806
1	0.0993692	-0.0376333	-0.0238554
1	0.0881399	-0.0331091	-0.0149993
1	0.0842735	-0.0289766	-0.0134531
1	0.0887032	-0.0270934	-0.0133976
1	0.0778478	-0.0284156	-0.0175416
1	0.081683	-0.0320184	-0.022373
1	0.0820299	-0.0263981	-0.0137704
1	0.0668292	-0.0220369	-0.016089
1	0.0576228	-0.021028	-0.0172141
1	0.0572751	-0.0301769	-3.28959e-05
1	0.0566664	-0.012926	-0.00176343
1	0.0546653	-0.00989789	-0.000254547
1	0.0800404	-0.0269041	-0.0124627
1	0.0783183	-0.0256673	-0.0175344
1	0.0811683	-0.0234449	-0.0289056
1	0.0774	-0.0244156	-0.0131224
1	0.0715365	-0.0253045	-0.00632967
1	0.0803131	-0.0301014	-0.00635729
1	0.0807024	-0.0247104	0.000240021
1	0.0931392	-0.0286885	-0.0160891
1	0.0829162	-0.029206	-0.0128498
1	0.0874228	-0.0330747	-0.019944
1	0.0803974	-0.0295682	-0.00685866
1	0.0826458	-0.033518	-0.0157531
1	0.0892992	-0.0284498	-0.0124965
1	0.0848947	-0.0313155	-0.0126196
1	0.0825514	-0.0299375	-0.0132799
1	0.0711867	-0.0115925	-0.0327258
1	0.0858433	-0.0301565	-0.0155705
1	0.0787964	-0.021146	-0.00638245
1	0.0705934	-0.0392317	-0.0191197
1	0.0502217	-0.0148654	-0.0140078
1	0.070903	-0.0158139	-0.0183739
1	0.0864682	-0.0364488	-0.0272443
1	0.0955917	-0.0387501	-0.0281656
1	0.0614409	-0.0228887	-0.00460001
1	0.0780939	-0.0320008	-0.0131773
1	-0.0230177	0.0185664	-0.00167396
1	-0.0218778	0.041714	-0.0100061
1	-0.0184314	0.0406326	-0.00317933
1	-0.014323	0.0665287	-0.0782171
1	0.00232255	0.0299413	0.0133403
1	-0.0202004	0.0322419	0.0289608
1	-0.01668	0.0366216	0.0294848
1	-0.063731	-0.060995	0.0321027
1	0.00315889	0.0272834	-0.0164043
1	-0.00174864	0.0640836	-0.0891183
1	0.00760696	0.0254198	-0.00226287
1	-0.0145562	0.0723352	-0.0911881
1	0.00623083	0.0151682	-0.0140497
1	0.0314409	0.00118531	-0.0257765
1	-0.00556432	0.0195775	-0.0126357
1	0.016589	0.0086618	0.0197246
1	-0.02505	0.0276153	0.0403741
1	-0.0578981	-0.0252644	-0.0121135
1	-0.105867	-0.121873	0.00654623
1	-0.0203385	0.0491946	0.0130161
1	-0.0292555	0.0482345	0.00946563
1	-0.0750141	-0.061559	-0.00207446
1	0.0252537	-0.0572118	-0.00804232
1	-0.0292231	0.105057	-0.286239
1	-0.0138513	0.0534492	-0.111937
1	0.0266182	0.0174059	-0.0201436
1	-0.038987	0.00720052	0.00616902
1	-0.0315041	0.0840308	-0.099814
1	-0.0394263	0.0618877	-0.0708015
1	-0.0493669	0.0758533	-0.0781142
1	-0.0221509	0.0819978	-0.113797
1	-0.0285671	0.107321	-0.288672
1	-0.0283982	0.107407	-0.287714
1	-0.0490634	0.104498	-0.123919
1	-0.0619446	0.125257	-0.129167
1	-0.0520952	-0.00592851	0.00649877
1	-0.0190155	0.0161168	0.00644289
1	-0.00206345	0.0291189	0.00382193
1	-0.0103036	0.0297666	-0.0150823
1	-0.00740182	0.0230721	-0.000625524
1	0.0889407	-0.0355036	-0.0104543
1	0.0735333	-0.0233472	-0.0022555
1	0.0760844	-0.0303837	-0.00215793
1	0.0504332	0.00881803	0.0504866
1	0.0753996	-0.0173322	-0.00743814
1	0.0655789	-0.022157	-0.00267495
1	0.0823241	-0.0292192	-0.00220447
1	-0.014737	0.0171999	-0.00341016
1	0.00988715	-0.00697973	-0.0048803
1	-0.0111656	0.0236192	0.000998817
1	-0.0190957	0.0519218	-0.00493948
1	0.0213424	0.0135799	0.012427
1	-0.0380255	0.0296495	0.0119845
1	0.0285874	0.0096759	-0.0176967
1	0.0216202	0.026368	-0.0108181
1	-0.0325407	0.0885227	-0.0811451
1	-0.0087549	0.0225377	0.0328241
1	-0.0263289	0.0828138	0.144838
1	0.0408624	0.00348906	0.000935341
1	-0.00199649	0.0175595	0.00277449
1	-0.037074	0.0233372	0.0326402
1	-0.0134786	0.0079359	0.0135385
1	-0.00794982	0.0167165	0.0300695
1	-0.00936348	0.00608598	-0.0131918
1	-0.0189473	0.0479981	-0.0155423
1	0.0164933	0.00681904	-0.00070804
1	-0.0310579	0.0280313	0.0150232
1	-0.015411	0.0327941	0.00402433
1	-0.0122818	0.0370002	-0.0080442
1	-0.0195503	0.031226	-0.0278665
1	-0.0282832	0.0480198	-0.0195427
1	-0.0620742	-0.0305143	0.00931345
1	-0.0483653	-0.0362645	0.00912138
1	-0.113087	-0.156336	-0.00115582
1	0.00124403	0.0317156	0.00110118
1	-0.00942483	0.0322691	-0.00503674
1	-0.00293671	0.0334541	-0.00457329
1	0.00540741	0.00905555	0.0108027
1	-0.0116486	0.0301574	-0.00350268
1	0.00776289	0.00907661	0.0206892
1	-0.0402528	-0.049375	-0.0138108
1	-0.0309	0.0983131	0.172139
1	-0.0198132	0.0325723	0.0586483
1	-0.0239689	0.100502	0.182942
1	0.0385641	0.0226187	-0.0105755
1	-0.0236623	0.102713	0.194184
1	-0.0915771	-0.120068	-0.0195211
1	0.145261	-0.0718817	0.0189729
1	0.139774	-0.0720942	0.0177796
1	0.136311	-0.0673102	0.0157418
1	0.0997935	-0.0342358	0.00223562
1	0.119838	-0.0597766	0.0103225
1	0.11267	-0.0508634	0.0126709
1	-0.0946548	-0.142519	-0.0222401
1	-0.1088	-0.169997	-0.00972779
1	-0.0800462	-0.0960011	-0.0184498
1	0.0256419	0.0175782	-0.0113279
1	0.0334202	0.00944876	0.00440789
1	-0.0711076	-0.0984736	-0.0195346
1	-0.124546	-0.179932	-0.0177926
1	-0.107777	-0.168997	-0.00718458
1	0.144333	-0.0767396	0.0156902
1	0.123532	-0.0578186	0.00392715
1	0.0993714	-0.0330681	-0.00616366
1	-0.0246217	0.0920757	0.176902
1	-0.0275152	0.0977335	0.181935
1	0.147638	-0.072994	0.0164951
1	0.133293	-0.0629008	0.0160627
1	0.108857	-0.0566693	0.0108582
1	0.145032	-0.0762487	0.0153711
1	0.121505	-0.0615238	0.0084018
1	0.0981019	-0.0361965	0.00822731
1	0.0864449	-0.029447	-0.00382412
1	0.0342915	0.0513492	0.138656
1	0.0175545	0.0752233	0.152724
1	0.0184541	0.0667918	0.159366
1	0.0308444	0.0152062	0.0447565
1	-0.0819158	-0.130396	-0.020301
1	-0.0234117	0.0516992	-0.0203334
1	-0.0398031	0.00273566	0.0134706
1	-0.0366026	0.0761841	0.0268359
1	-0.0466656	0.0792384	0.0315185
1	-0.0457968	0.0777962	0.0312232
1	0.00924176	0.00844488	0.0311564
1	-0.0326687	0.0134489	-0.00143807
1	-0.0625733	0.126527	-0.130068
1	-0.0471129	0.0574047	0.0306871
1	-0.0387711	0.0788552	0.029933
1	-0.00831041	0.0245293	0.00493033
1	-0.0131682	0.0218246	0.0326341
1	-0.039239	0.0217496	0.0244279
1	-0.0146194	0.027953	-0.00165876
1	-0.0380881	0.055005	0.0566392
1	-0.0312459	0.0550346	0.00783092
1	-0.108877	-0.167023	-0.0125773
1	-0.0182961	0.0950189	-0.230228
1	0.025322	0.0162056	-0.00119214
1	0.00802754	0.0313995	0.0235488
1	0.00822578	0.00557125	-0.00493431
1	-0.0474291	-0.00997779	0.0258362
1	-0.0318784	0.0194019	0.0154798
1	-0.0265677	0.0784547	-0.22494
1	-0.0180027	0.0727518	-0.191006
1	-0.0102352	0.0467286	0.0551535
1	-0.00579631	-0.00566721	-0.011607
1	-0.0081528	0.0190239	0.00976775
1	0.0355383	0.0023861	0.0012133
1	0.0794474	-0.0248032	-0.00774811
1	0.0716951	-0.026912	-0.00379618
1	0.0724212	-0.0231264	-0.0050726
1	0.074257	-0.0265043	-0.00957587
1	0.0537113	-0.0250072	-0.00307421
1	0.0328042	-0.0229355	-0.000150954
1	0.0766134	-0.0344665	-0.00982518
1	0.0330143	-0.0459585	-0.00859144
1	0.0169168	0.0206116	0.0070706
1	-0.0270273	0.0513013	0.0563211
1	-0.0245795	0.0594538	0.0936272
1	-0.0122217	0.0435036	0.0784277
1	-0.0387265	0.0504426	0.0231218
1	-0.0159691	0.0625602	0.0851646
1	-0.0140172	0.0759206	0.116925
1	-0.0264044	0.0559764	0.0190944
1	-0.0535501	0.0264449	0.0215569
1	-0.0142046	0.0577002	0.0892624
1	-0.00317129	0.0222982	0.0241372
1	-0.0323219	0.0188608	0.0187881
1	-0.0323256	0.0258327	0.0496879
1	-0.0139263	0.0272745	-0.00283584
1	-0.0191756	0.0371426	0.00636241
1	-0.0373979	0.0324805	0.00590381
1	-0.0230191	0.0579497	-0.015377
1	-0.03592	0.0343784	0.0460876
1	-0.0175877	0.0463026	0.0682141
